   0,4.49975E+2,0.174192
   1,4.50790E+2,0.177286
   2,4.51605E+2,0.182094
   3,4.52420E+2,0.185388
   4,4.53235E+2,0.188133
   5,4.54050E+2,0.192774
   6,4.54864E+2,0.198197
   7,4.55678E+2,0.200526
   8,4.56492E+2,0.205184
   9,4.57306E+2,0.209011
  10,4.58120E+2,0.215083
  11,4.58933E+2,0.219441
  12,4.59746E+2,0.224465
  13,4.60559E+2,0.229423
  14,4.61372E+2,0.236443
  15,4.62185E+2,0.241550
  16,4.62997E+2,0.245609
  17,4.63809E+2,0.250533
  18,4.64621E+2,0.253578
  19,4.65433E+2,0.260248
  20,4.66244E+2,0.262012
  21,4.67056E+2,0.264807
  22,4.67867E+2,0.267918
  23,4.68678E+2,0.271261
  24,4.69488E+2,0.276701
  25,4.70299E+2,0.279679
  26,4.71109E+2,0.282507
  27,4.71919E+2,0.285002
  28,4.72729E+2,0.290525
  29,4.73539E+2,0.295799
  30,4.74348E+2,0.300124
  31,4.75158E+2,0.306080
  32,4.75967E+2,0.309257
  33,4.76776E+2,0.316411
  34,4.77584E+2,0.322200
  35,4.78393E+2,0.327523
  36,4.79201E+2,0.332314
  37,4.80009E+2,0.338952
  38,4.80817E+2,0.344059
  39,4.81624E+2,0.350830
  40,4.82432E+2,0.353142
  41,4.83239E+2,0.357783
  42,4.84046E+2,0.362525
  43,4.84853E+2,0.368098
  44,4.85659E+2,0.369778
  45,4.86466E+2,0.372639
  46,4.87272E+2,0.376848
  47,4.88078E+2,0.378944
  48,4.88884E+2,0.380741
  49,4.89689E+2,0.384783
  50,4.90494E+2,0.387844
  51,4.91300E+2,0.388842
  52,4.92104E+2,0.392436
  53,4.92909E+2,0.397260
  54,4.93714E+2,0.397160
  55,4.94518E+2,0.402533
  56,4.95322E+2,0.405278
  57,4.96126E+2,0.405195
  58,4.96930E+2,0.410835
  59,4.97733E+2,0.413945
  60,4.98537E+2,0.417439
  61,4.99340E+2,0.419419
  62,5.00142E+2,0.420883
  63,5.00945E+2,0.425823
  64,5.01748E+2,0.428951
  65,5.02550E+2,0.432012
  66,5.03352E+2,0.437369
  67,5.04154E+2,0.438949
  68,5.04955E+2,0.443441
  69,5.05757E+2,0.446851
  70,5.06558E+2,0.452191
  71,5.07359E+2,0.456932
  72,5.08160E+2,0.463370
  73,5.08960E+2,0.466864
  74,5.09761E+2,0.473717
  75,5.10561E+2,0.475730
  76,5.11361E+2,0.482218
  77,5.12161E+2,0.487941
  78,5.12960E+2,0.491268
  79,5.13760E+2,0.498771
  80,5.14559E+2,0.502913
  81,5.15358E+2,0.507554
  82,5.16157E+2,0.511630
  83,5.16955E+2,0.518052
  84,5.17753E+2,0.522327
  85,5.18552E+2,0.526902
  86,5.19349E+2,0.530312
  87,5.20147E+2,0.536883
  88,5.20945E+2,0.538397
  89,5.21742E+2,0.543221
  90,5.22539E+2,0.546499
  91,5.23336E+2,0.548462
  92,5.24133E+2,0.551639
  93,5.24929E+2,0.556497
  94,5.25725E+2,0.561155
  95,5.26522E+2,0.561338
  96,5.27317E+2,0.564548
  97,5.28113E+2,0.566511
  98,5.28908E+2,0.575295
  99,5.29704E+2,0.573532
 100,5.30499E+2,0.579470
 101,5.31294E+2,0.584528
 102,5.32088E+2,0.589535
 103,5.32883E+2,0.594825
 104,5.33677E+2,0.601346
 105,5.34471E+2,0.609847
 106,5.35265E+2,0.617134
 107,5.36058E+2,0.622856
 108,5.36852E+2,0.631291
 109,5.37645E+2,0.638777
 110,5.38438E+2,0.646728
 111,5.39231E+2,0.652601
 112,5.40023E+2,0.659638
 113,5.40816E+2,0.662133
 114,5.41608E+2,0.667274
 115,5.42400E+2,0.670168
 116,5.43191E+2,0.671665
 117,5.43983E+2,0.673612
 118,5.44774E+2,0.677438
 119,5.45565E+2,0.678902
 120,5.46356E+2,0.682113
 121,5.47147E+2,0.684192
 122,5.47938E+2,0.687070
 123,5.48728E+2,0.688584
 124,5.49518E+2,0.691029
 125,5.50308E+2,0.695870
 126,5.51098E+2,0.697118
 127,5.51887E+2,0.698931
 128,5.52676E+2,0.701793
 129,5.53465E+2,0.706384
 130,5.54254E+2,0.708879
 131,5.55043E+2,0.711524
 132,5.55831E+2,0.714519
 133,5.56620E+2,0.716998
 134,5.57408E+2,0.717763
 135,5.58195E+2,0.723103
 136,5.58983E+2,0.726297
 137,5.59771E+2,0.727744
 138,5.60558E+2,0.731936
 139,5.61345E+2,0.736045
 140,5.62132E+2,0.735896
 141,5.62918E+2,0.740470
 142,5.63705E+2,0.744713
 143,5.64491E+2,0.746992
 144,5.65277E+2,0.749737
 145,5.66062E+2,0.757123
 146,5.66848E+2,0.758004
 147,5.67633E+2,0.759568
 148,5.68419E+2,0.762962
 149,5.69204E+2,0.766406
 150,5.69988E+2,0.770531
 151,5.70773E+2,0.774208
 152,5.71557E+2,0.779282
 153,5.72341E+2,0.784821
 154,5.73125E+2,0.787383
 155,5.73909E+2,0.790960
 156,5.74692E+2,0.793987
 157,5.75476E+2,0.797265
 158,5.76259E+2,0.802222
 159,5.77042E+2,0.805300
 160,5.77824E+2,0.806930
 161,5.78607E+2,0.811305
 162,5.79389E+2,0.813834
 163,5.80171E+2,0.817427
 164,5.80953E+2,0.820921
 165,5.81735E+2,0.824214
 166,5.82516E+2,0.827309
 167,5.83298E+2,0.831651
 168,5.84079E+2,0.834213
 169,5.84859E+2,0.835793
 170,5.85640E+2,0.838305
 171,5.86420E+2,0.839619
 172,5.87201E+2,0.841366
 173,5.87981E+2,0.843894
 174,5.88761E+2,0.843978
 175,5.89540E+2,0.847321
 176,5.90320E+2,0.849018
 177,5.91099E+2,0.850798
 178,5.91878E+2,0.850931
 179,5.92657E+2,0.851447
 180,5.93435E+2,0.854209
 181,5.94213E+2,0.856920
 182,5.94992E+2,0.860148
 183,5.95770E+2,0.858151
 184,5.96547E+2,0.861977
 185,5.97325E+2,0.864789
 186,5.98102E+2,0.863741
 187,5.98879E+2,0.864922
 188,5.99656E+2,0.867051
 189,6.00433E+2,0.869314
 190,6.01210E+2,0.866386
 191,6.01986E+2,0.870711
 192,6.02762E+2,0.871926
 193,6.03538E+2,0.871293
 194,6.04314E+2,0.875319
 195,6.05089E+2,0.878530
 196,6.05864E+2,0.878913
 197,6.06639E+2,0.883620
 198,6.07414E+2,0.884369
 199,6.08189E+2,0.887813
 200,6.08964E+2,0.888994
 201,6.09738E+2,0.890973
 202,6.10512E+2,0.894400
 203,6.11286E+2,0.894267
 204,6.12059E+2,0.895199
 205,6.12833E+2,0.901820
 206,6.13606E+2,0.902252
 207,6.14379E+2,0.908125
 208,6.15152E+2,0.911851
 209,6.15924E+2,0.916742
 210,6.16697E+2,0.925492
 211,6.17469E+2,0.932413
 212,6.18241E+2,0.933311
 213,6.19013E+2,0.942195
 214,6.19785E+2,0.949614
 215,6.20556E+2,0.956135
 216,6.21327E+2,0.960877
 217,6.22098E+2,0.969810
 218,6.22869E+2,0.975266
 219,6.23639E+2,0.981671
 220,6.24410E+2,0.988508
 221,6.25180E+2,0.994597
 222,6.25950E+2,0.997558
 223,6.26720E+2,1.000636
 224,6.27489E+2,1.002033
 225,6.28258E+2,1.002233
 226,6.29028E+2,1.004462
 227,6.29797E+2,1.003930
 228,6.30565E+2,0.994980
 229,6.31334E+2,0.991453
 230,6.32102E+2,0.978560
 231,6.32870E+2,0.969461
 232,6.33638E+2,0.955936
 233,6.34406E+2,0.946221
 234,6.35173E+2,0.936206
 235,6.35940E+2,0.926890
 236,6.36708E+2,0.918406
 237,6.37474E+2,0.914896
 238,6.38241E+2,0.910138
 239,6.39008E+2,0.908973
 240,6.39774E+2,0.912034
 241,6.40540E+2,0.915877
 242,6.41306E+2,0.921267
 243,6.42071E+2,0.930716
 244,6.42837E+2,0.937670
 245,6.43602E+2,0.947219
 246,6.44367E+2,0.958015
 247,6.45132E+2,0.964420
 248,6.45896E+2,0.974035
 249,6.46661E+2,0.974601
 250,6.47425E+2,0.979808
 251,6.48189E+2,0.983584
 252,6.48953E+2,0.982669
 253,6.49716E+2,0.981571
 254,6.50480E+2,0.980507
 255,6.51243E+2,0.975632
 256,6.52006E+2,0.973403
 257,6.52769E+2,0.972954
 258,6.53531E+2,0.972505
 259,6.54294E+2,0.965967
 260,6.55056E+2,0.967498
 261,6.55818E+2,0.963039
 262,6.56579E+2,0.962706
 263,6.57341E+2,0.962157
 264,6.58102E+2,0.959130
 265,6.58863E+2,0.959695
 266,6.59624E+2,0.960211
 267,6.60385E+2,0.957849
 268,6.61146E+2,0.958531
 269,6.61906E+2,0.957982
 270,6.62666E+2,0.955204
 271,6.63426E+2,0.956551
 272,6.64186E+2,0.958315
 273,6.64945E+2,0.955403
 274,6.65704E+2,0.956984
 275,6.66463E+2,0.953740
 276,6.67222E+2,0.953324
 277,6.67981E+2,0.956801
 278,6.68739E+2,0.953590
 279,6.69498E+2,0.955370
 280,6.70256E+2,0.954721
 281,6.71013E+2,0.955204
 282,6.71771E+2,0.955370
 283,6.72529E+2,0.953241
 284,6.73286E+2,0.953923
 285,6.74043E+2,0.952043
 286,6.74800E+2,0.949631
 287,6.75556E+2,0.953025
 288,6.76313E+2,0.951261
 289,6.77069E+2,0.949681
 290,6.77825E+2,0.950246
 291,6.78581E+2,0.949198
 292,6.79336E+2,0.948433
 293,6.80092E+2,0.948500
 294,6.80847E+2,0.947501
 295,6.81602E+2,0.944856
 296,6.82356E+2,0.943991
 297,6.83111E+2,0.941596
 298,6.83865E+2,0.940997
 299,6.84620E+2,0.939383
 300,6.85374E+2,0.936572
 301,6.86127E+2,0.938385
 302,6.86881E+2,0.935524
 303,6.87634E+2,0.934991
 304,6.88387E+2,0.933095
 305,6.89140E+2,0.932363
 306,6.89893E+2,0.931215
 307,6.90645E+2,0.928753
 308,6.91398E+2,0.926956
 309,6.92150E+2,0.922781
 310,6.92902E+2,0.921566
 311,6.93653E+2,0.920003
 312,6.94405E+2,0.920818
 313,6.95156E+2,0.920435
 314,6.95907E+2,0.919687
 315,6.96658E+2,0.917724
 316,6.97409E+2,0.917374
 317,6.98159E+2,0.916409
 318,6.98909E+2,0.911685
 319,6.99659E+2,0.912467
 320,7.00409E+2,0.908824
 321,7.01159E+2,0.909289
 322,7.01908E+2,0.909905
 323,7.02658E+2,0.904715
 324,7.03407E+2,0.903068
 325,7.04155E+2,0.899574
 326,7.04904E+2,0.901188
 327,7.05653E+2,0.898759
 328,7.06401E+2,0.895997
 329,7.07149E+2,0.898559
 330,7.07897E+2,0.898210
 331,7.08644E+2,0.893535
 332,7.09391E+2,0.891506
 333,7.10139E+2,0.891722
 334,7.10886E+2,0.892038
 335,7.11632E+2,0.891290
 336,7.12379E+2,0.886083
 337,7.13125E+2,0.887280
 338,7.13872E+2,0.884419
 339,7.14617E+2,0.884419
 340,7.15363E+2,0.881308
 341,7.16109E+2,0.880243
 342,7.16854E+2,0.879262
 343,7.17599E+2,0.877049
 344,7.18344E+2,0.872225
 345,7.19089E+2,0.870512
 346,7.19833E+2,0.868465
 347,7.20578E+2,0.864140
 348,7.21322E+2,0.864373
 349,7.22066E+2,0.860497
 350,7.22809E+2,0.859432
 351,7.23553E+2,0.855490
 352,7.24296E+2,0.852595
 353,7.25039E+2,0.851414
 354,7.25782E+2,0.847571
 355,7.26525E+2,0.848270
 356,7.27267E+2,0.849401
 357,7.28010E+2,0.849684
 358,7.28752E+2,0.843562
 359,7.29494E+2,0.844177
 360,7.30235E+2,0.840717
 361,7.30977E+2,0.841516
 362,7.31718E+2,0.840251
 363,7.32459E+2,0.838471
 364,7.33200E+2,0.834612
 365,7.33940E+2,0.830536
 366,7.34681E+2,0.830153
 367,7.35421E+2,0.828407
 368,7.36161E+2,0.824897
 369,7.36901E+2,0.825479
 370,7.37640E+2,0.825346
 371,7.38380E+2,0.820305
 372,7.39119E+2,0.821653
 373,7.39858E+2,0.815913
 374,7.40597E+2,0.814632
 375,7.41335E+2,0.810058
 376,7.42074E+2,0.811788
 377,7.42812E+2,0.806281
 378,7.43550E+2,0.806464
 379,7.44288E+2,0.804435
 380,7.45025E+2,0.800725
 381,7.45763E+2,0.800043
 382,7.46500E+2,0.798429
 383,7.47237E+2,0.794536
 384,7.47973E+2,0.792806
 385,7.48710E+2,0.787849
 386,7.49446E+2,0.791758
 387,7.50182E+2,0.786734
 388,7.50918E+2,0.782110
 389,7.51654E+2,0.781910
 390,7.52390E+2,0.779148
 391,7.53125E+2,0.778233
 392,7.53860E+2,0.777751
 393,7.54595E+2,0.773126
 394,7.55330E+2,0.770198
 395,7.56064E+2,0.767054
 396,7.56798E+2,0.766655
 397,7.57532E+2,0.764609
 398,7.58266E+2,0.760616
 399,7.59000E+2,0.757456
 400,7.59733E+2,0.754578
 401,7.60467E+2,0.753829
 402,7.61200E+2,0.754162
 403,7.61933E+2,0.748406
 404,7.62665E+2,0.747391
 405,7.63398E+2,0.743049
 406,7.64130E+2,0.737692
 407,7.64862E+2,0.741818
 408,7.65594E+2,0.739522
 409,7.66325E+2,0.737925
 410,7.67057E+2,0.734215
 411,7.67788E+2,0.732868
 412,7.68519E+2,0.728326
 413,7.69250E+2,0.729674
 414,7.69980E+2,0.728526
 415,7.70711E+2,0.723036
 416,7.71441E+2,0.717613
 417,7.72171E+2,0.717696
 418,7.72901E+2,0.719576
 419,7.73630E+2,0.717547
 420,7.74360E+2,0.713604
 421,7.75089E+2,0.710593
 422,7.75818E+2,0.705652
 423,7.76547E+2,0.706334
 424,7.77275E+2,0.707399
 425,7.78004E+2,0.704038
 426,7.78732E+2,0.699830
 427,7.79460E+2,0.697850
 428,7.80187E+2,0.693724
 429,7.80915E+2,0.693691
 430,7.81642E+2,0.694323
 431,7.82369E+2,0.691711
 432,7.83096E+2,0.687503
 433,7.83823E+2,0.681297
 434,7.84550E+2,0.679917
 435,7.85276E+2,0.677787
 436,7.86002E+2,0.677854
 437,7.86728E+2,0.674992
 438,7.87454E+2,0.672248
 439,7.88179E+2,0.667623
 440,7.88904E+2,0.662549
 441,7.89629E+2,0.659155
 442,7.90354E+2,0.660303
 443,7.91079E+2,0.659089
 444,7.91804E+2,0.661085
 445,7.92528E+2,0.659471
 446,7.93252E+2,0.661834
 447,7.93976E+2,0.667590
 448,7.94699E+2,0.674111
 449,7.95423E+2,0.681680
 450,7.96146E+2,0.688700
 451,7.96869E+2,0.690929
 452,7.97592E+2,0.697783
 453,7.98315E+2,0.707166
 454,7.99037E+2,0.710044
 455,7.99759E+2,0.716465
 456,8.00481E+2,0.715750
 457,8.01203E+2,0.714286
 458,8.01925E+2,0.713438
 459,8.02646E+2,0.710194
 460,8.03367E+2,0.706334
 461,8.04088E+2,0.706817
 462,8.04809E+2,0.699397
 463,8.05530E+2,0.694356
 464,8.06250E+2,0.686255
 465,8.06970E+2,0.680715
 466,8.07690E+2,0.674859
 467,8.08410E+2,0.671632
 468,8.09130E+2,0.668022
 469,8.09849E+2,0.666076
 470,8.10568E+2,0.656044
 471,8.11287E+2,0.650837
 472,8.12006E+2,0.642137
 473,8.12724E+2,0.638377
 474,8.13443E+2,0.639858
 475,8.14161E+2,0.634535
 476,8.14879E+2,0.634152
 477,8.15596E+2,0.625734
 478,8.16314E+2,0.620244
 479,8.17031E+2,0.616568
 480,8.17748E+2,0.613557
 481,8.18465E+2,0.613274
 482,8.19182E+2,0.613008
 483,8.19899E+2,0.606869
 484,8.20615E+2,0.599733
 485,8.21331E+2,0.595574
 486,8.22047E+2,0.595158
 487,8.22763E+2,0.597204
 488,8.23478E+2,0.594093
 489,8.24193E+2,0.587422
 490,8.24908E+2,0.583347
 491,8.25623E+2,0.579271
 492,8.26338E+2,0.577424
 493,8.27052E+2,0.578406
 494,8.27767E+2,0.577674
 495,8.28481E+2,0.576193
 496,8.29195E+2,0.573681
 497,8.29908E+2,0.566911
 498,8.30622E+2,0.560655
 499,8.31335E+2,0.558443
 500,8.32048E+2,0.560838
 501,8.32761E+2,0.562984
 502,8.33473E+2,0.560190
 503,8.34186E+2,0.555066
 504,8.34898E+2,0.551023
 505,8.35610E+2,0.548462
 506,8.36322E+2,0.546981
 507,8.37033E+2,0.546216
 508,8.37745E+2,0.549593
 509,8.38456E+2,0.548195
 510,8.39167E+2,0.544552
 511,8.39878E+2,0.540127
 512,8.40588E+2,0.533855
 513,8.41299E+2,0.530245
 514,8.42009E+2,0.531909
 515,8.42719E+2,0.536567
 516,8.43429E+2,0.535186
 517,8.44138E+2,0.535303
 518,8.44848E+2,0.528665
 519,8.45557E+2,0.523674
 520,8.46266E+2,0.521379
 521,8.46975E+2,0.521828
 522,8.47683E+2,0.526053
 523,8.48391E+2,0.525820
 524,8.49100E+2,0.524556
 525,8.49808E+2,0.519416
 526,8.50515E+2,0.513826
 527,8.51223E+2,0.512113
 528,8.51930E+2,0.513460
 529,8.52637E+2,0.516388
 530,8.53344E+2,0.518251
 531,8.54051E+2,0.516172
 532,8.54757E+2,0.511980
 533,8.55464E+2,0.508303
 534,8.56170E+2,0.502264
 535,8.56876E+2,0.499769
 536,8.57581E+2,0.502065
 537,8.58287E+2,0.504743
 538,8.58992E+2,0.505325
 539,8.59697E+2,0.503961
 540,8.60402E+2,0.499187
 541,8.61107E+2,0.492083
 542,8.61811E+2,0.490187
 543,8.62515E+2,0.486727
 544,8.63220E+2,0.487093
 545,8.63923E+2,0.489571
 546,8.64627E+2,0.493048
 547,8.65331E+2,0.491251
 548,8.66034E+2,0.485446
 549,8.66737E+2,0.479307
 550,8.67440E+2,0.476130
 551,8.68142E+2,0.476163
 552,8.68845E+2,0.476096
 553,8.69547E+2,0.478009
 554,8.70249E+2,0.474899
 555,8.70951E+2,0.474766
 556,8.71652E+2,0.476146
 557,8.72354E+2,0.470806
 558,8.73055E+2,0.464435
 559,8.73756E+2,0.457930
 560,8.74457E+2,0.455518
 561,8.75157E+2,0.453239
 562,8.75858E+2,0.453106
 563,8.76558E+2,0.456217
 564,8.77258E+2,0.455817
 565,8.77958E+2,0.451575
 566,8.78657E+2,0.443424
 567,8.79357E+2,0.438683
 568,8.80056E+2,0.438134
 569,8.80755E+2,0.441827
 570,8.81454E+2,0.443441
 571,8.82152E+2,0.442875
 572,8.82851E+2,0.439947
 573,8.83549E+2,0.431596
 574,8.84247E+2,0.428967
 575,8.84944E+2,0.427054
 576,8.85642E+2,0.426838
 577,8.86339E+2,0.428602
 578,8.87036E+2,0.429500
 579,8.87733E+2,0.430831
 580,8.88430E+2,0.425807
 581,8.89127E+2,0.421864
 582,8.89823E+2,0.418254
 583,8.90519E+2,0.417489
 584,8.91215E+2,0.413080
 585,8.91911E+2,0.412498
 586,8.92606E+2,0.416042
 587,8.93301E+2,0.417722
 588,8.93996E+2,0.413979
 589,8.94691E+2,0.412897
 590,8.95386E+2,0.408971
 591,8.96081E+2,0.402317
 592,8.96775E+2,0.396212
 593,8.97469E+2,0.398258
 594,8.98163E+2,0.397643
 595,8.98856E+2,0.399855
 596,8.99550E+2,0.399888
 597,9.00243E+2,0.397892
 598,9.00936E+2,0.392818
 599,9.01629E+2,0.383918
 600,9.02322E+2,0.381057
 601,9.03014E+2,0.381706
 602,9.03706E+2,0.384833
 603,9.04398E+2,0.386413
 604,9.05090E+2,0.382487
 605,9.05782E+2,0.379526
 606,9.06473E+2,0.375733
 607,9.07165E+2,0.370160
 608,9.07856E+2,0.365818
 609,9.08546E+2,0.364471
 610,9.09237E+2,0.361560
 611,9.09927E+2,0.361876
 612,9.10618E+2,0.363440
 613,9.11308E+2,0.363689
 614,9.11997E+2,0.361826
 615,9.12687E+2,0.359114
 616,9.13376E+2,0.354423
 617,9.14066E+2,0.350913
 618,9.14755E+2,0.345789
 619,9.15443E+2,0.343660
 620,9.16132E+2,0.340915
 621,9.16820E+2,0.342279
 622,9.17509E+2,0.342978
 623,9.18197E+2,0.341497
 624,9.18884E+2,0.337471
 625,9.19572E+2,0.333745
 626,9.20259E+2,0.329952
 627,9.20946E+2,0.327290
 628,9.21633E+2,0.327523
 629,9.22320E+2,0.325693
 630,9.23007E+2,0.325394
 631,9.23693E+2,0.328871
 632,9.24379E+2,0.331100
 633,9.25065E+2,0.331549
 634,9.25751E+2,0.333961
 635,9.26436E+2,0.334743
 636,9.27122E+2,0.331848
 637,9.27807E+2,0.329054
 638,9.28492E+2,0.328438
 639,9.29176E+2,0.330567
 640,9.29861E+2,0.332098
 641,9.30545E+2,0.337505
 642,9.31229E+2,0.341347
 643,9.31913E+2,0.342279
 644,9.32597E+2,0.342595
 645,9.33280E+2,0.337188
 646,9.33964E+2,0.332697
 647,9.34647E+2,0.327756
 648,9.35330E+2,0.323813
 649,9.36012E+2,0.320520
 650,9.36695E+2,0.315529
 651,9.37377E+2,0.310854
 652,9.38059E+2,0.306246
 653,9.38741E+2,0.297695
 654,9.39423E+2,0.286732
 655,9.40104E+2,0.275836
 656,9.40785E+2,0.265622
 657,9.41466E+2,0.253478
 658,9.42147E+2,0.244794
 659,9.42828E+2,0.239204
 660,9.43508E+2,0.234330
 661,9.44189E+2,0.230953
 662,9.44869E+2,0.226778
 663,9.45549E+2,0.222086
 664,9.46228E+2,0.218260
 665,9.46908E+2,0.212304
 666,9.47587E+2,0.206499
 667,9.48266E+2,0.203454
 668,9.48945E+2,0.199428
 669,9.49623E+2,0.197083
 670,9.50302E+2,0.197299
 671,9.50980E+2,0.197682
 672,9.51658E+2,0.198181
 673,9.52336E+2,0.197199
 674,9.53013E+2,0.193573
 675,9.53691E+2,0.191893
 676,9.54368E+2,0.187734
 677,9.55045E+2,0.183076
 678,9.55722E+2,0.182643
 679,9.56398E+2,0.179865
 680,9.57075E+2,0.181196
 681,9.57751E+2,0.182493
 682,9.58427E+2,0.182360
 683,9.59103E+2,0.179449
 684,9.59778E+2,0.176305
 685,9.60453E+2,0.174558
 686,9.61129E+2,0.171065
 687,9.61804E+2,0.168553
 688,9.62478E+2,0.166972
 689,9.63153E+2,0.166357
 690,9.63827E+2,0.164976
 691,9.64501E+2,0.165325
 692,9.65175E+2,0.165292
 693,9.65849E+2,0.166523
 694,9.66523E+2,0.164627
 695,9.67196E+2,0.163745
 696,9.67869E+2,0.162514
 697,9.68542E+2,0.159919
 698,9.69215E+2,0.156242
 699,9.69887E+2,0.153564
 700,9.70560E+2,0.152765
 701,9.71232E+2,0.151069
 702,9.71904E+2,0.153364
 703,9.72575E+2,0.153664
 704,9.73247E+2,0.153115
 705,9.73918E+2,0.150386
 706,9.74589E+2,0.148956
 707,9.75260E+2,0.145579
 708,9.75931E+2,0.144032
 709,9.76601E+2,0.139973
 710,9.77271E+2,0.140339
 711,9.77942E+2,0.138026
 712,9.78611E+2,0.137344
 713,9.79281E+2,0.138841
 714,9.79951E+2,0.138459
 715,9.80620E+2,0.138126
 716,9.81289E+2,0.137028
 717,9.81958E+2,0.136163
 718,9.82626E+2,0.136512
 719,9.83295E+2,0.135048
 720,9.83963E+2,0.131272
 721,9.84631E+2,0.128544
 722,9.85299E+2,0.126697
 723,9.85967E+2,0.125034
 724,9.86634E+2,0.123969
 725,9.87301E+2,0.124402
 726,9.87968E+2,0.124768
 727,9.88635E+2,0.124917
 728,9.89302E+2,0.122622
 729,9.89968E+2,0.122289
 730,9.90635E+2,0.119394
 731,9.91301E+2,0.117182
 732,9.91966E+2,0.115501
 733,9.92632E+2,0.114853
 734,9.93297E+2,0.113106
 735,9.93963E+2,0.112557
 736,9.94628E+2,0.111343
 737,9.95292E+2,0.112324
 738,9.95957E+2,0.110661
 739,9.96621E+2,0.111376
 740,9.97286E+2,0.110494
 741,9.97950E+2,0.108997
 742,9.98613E+2,0.108581
 743,9.99277E+2,0.106568
 744,9.99940E+2,0.104855
 745,1.00060E+3,0.102526
 746,1.00127E+3,0.100979
 747,1.00193E+3,0.100230
 748,1.00259E+3,0.100363
 749,1.00325E+3,0.099748
 750,1.00392E+3,0.099498
 751,1.00458E+3,0.098749
 752,1.00524E+3,0.097651
 753,1.00590E+3,0.096836
 754,1.00656E+3,0.094224
 755,1.00722E+3,0.093127
 756,1.00789E+3,0.091363
 757,1.00855E+3,0.090615
 758,1.00921E+3,0.088103
 759,1.00987E+3,0.087969
 760,1.01053E+3,0.087271
 761,1.01119E+3,0.086356
 762,1.01185E+3,0.086356
 763,1.01251E+3,0.085341
 764,1.01317E+3,0.083894
 765,1.01382E+3,0.084426
 766,1.01448E+3,0.084725
 767,1.01514E+3,0.083644
 768,1.01580E+3,0.082147
 769,1.01646E+3,0.079934
 770,1.01712E+3,0.078620
 771,1.01777E+3,0.077140
 772,1.01843E+3,0.075493
 773,1.01909E+3,0.075509
 774,1.01975E+3,0.074910
 775,1.02040E+3,0.074361
 776,1.02106E+3,0.073729
 777,1.02172E+3,0.072947
 778,1.02237E+3,0.072448
 779,1.02303E+3,0.071317
 780,1.02369E+3,0.070020
 781,1.02434E+3,0.068672
 782,1.02500E+3,0.067308
 783,1.02565E+3,0.066443
 784,1.02631E+3,0.065977
 785,1.02696E+3,0.064563
 786,1.02762E+3,0.063814
 787,1.02827E+3,0.063665
 788,1.02893E+3,0.062317
 789,1.02958E+3,0.062201
 790,1.03024E+3,0.061718
 791,1.03089E+3,0.061602
 792,1.03154E+3,0.060022
 793,1.03220E+3,0.060055
 794,1.03285E+3,0.058208
 795,1.03350E+3,0.058258
 796,1.03416E+3,0.056628
 797,1.03481E+3,0.055680
 798,1.03546E+3,0.055846
 799,1.03611E+3,0.052918
 800,1.03677E+3,0.053351
 801,1.03742E+3,0.052718
 802,1.03807E+3,0.051521
 803,1.03872E+3,0.052985
 804,1.03937E+3,0.052036
 805,1.04002E+3,0.051238
 806,1.04067E+3,0.050206
 807,1.04132E+3,0.049724
 808,1.04197E+3,0.048243
 809,1.04263E+3,0.047744
 810,1.04328E+3,0.047611
 811,1.04392E+3,0.045698
 812,1.04457E+3,0.046164
 813,1.04522E+3,0.045316
 814,1.04587E+3,0.045482
 815,1.04652E+3,0.044467
 816,1.04717E+3,0.044600
 817,1.04782E+3,0.044650
 818,1.04847E+3,0.043935
 819,1.04912E+3,0.043153
 820,1.04976E+3,0.043103
 821,1.05041E+3,0.043136
 822,1.05106E+3,0.042820
 823,1.05171E+3,0.041656
 824,1.05235E+3,0.040907
 825,1.05300E+3,0.041024
 826,1.05365E+3,0.041090
 827,1.05429E+3,0.040874
 828,1.05494E+3,0.041073
 829,1.05559E+3,0.041573
 830,1.05623E+3,0.041722
 831,1.05688E+3,0.041556
 832,1.05752E+3,0.041306
 833,1.05817E+3,0.041323
 834,1.05881E+3,0.041456
 835,1.05946E+3,0.041789
 836,1.06010E+3,0.041024
 837,1.06075E+3,0.041190
 838,1.06139E+3,0.041406
 839,1.06204E+3,0.041373
 840,1.06268E+3,0.040508
 841,1.06332E+3,0.039942
 842,1.06397E+3,0.039709
 843,1.06461E+3,0.037613
 844,1.06525E+3,0.036798
 845,1.06590E+3,0.035251
 846,1.06654E+3,0.034602
 847,1.06718E+3,0.033404
 848,1.06782E+3,0.032539
 849,1.06847E+3,0.031358
 850,1.06911E+3,0.030959
